1105723392
1099431936
1104674816
1114112000
1117388800
1094713344
1115947008
1088421888
1116995584
1107558400
1120272384
1116078080
1117782016
1117913088
1109655552
1117650944
1118568448
1086324736
1118044160
1106247680
1116471296
1099956224
1117257728
1101529088
1112014848
1110441984
1108082688
1109917696
1109131264
1102577664
1090519040
1111752704
1077936128
1095761920
1113063424
1112539136
1096810496
1112801280
1108869120
1120403456
1103626240
1098907648
1113849856
1116602368
1073741824
1119223808
1108344832
1113325568
1110704128
1114636288